0.0391244 0.26869 
0.189155 0.145796 
-0.220856 -0.899216 
0.424751 0.855192 
-0.519161 0.671153 
-0.621163 0.702525 
-3.14976 0.800356 
0.918292 0.873803 
0.213793 0.295787 
0.169209 0.182866 
0.347117 0.827592 
0.0579699 0.845602 
0.0295759 0.124023 
0.0331886 0.147728 
-0.256352 0.951594 
0.257756 0.215393 
-0.0106291 0.111895 
0.450881 0.338854 
0.455564 0.476483 
0.0231601 0.0654695 
0.0525862 0.00442919 
-0.301127 -0.49731 
0.534782 0.498165 
-0.975209 0.203545 
0.0993855 0.21878 
-0.347772 0.615723 
0.634466 0.913148 
-0.596427 -0.138379 
-0.494125 0.604441 
-0.426114 1.46384 
-0.613018 0.532435 
-0.0170329 -0.0286435 

-0.97966 
-1.17563 
-0.503916 
-2.69293 
-1.4746 
2.91703 
-0.811717 
-2.95987 
-1.60449 
-1.10845 
-2.49909 
0.150638 
-0.98724 
-1.02992 
2.36443 
-1.50341 
-0.421494 
-2.49581 
-3.04157 
-0.345878 
-0.180497 
1.02017 
-3.34222 
1.83554 
-1.00548 
2.60314 
-3.27039 
1.3419 
-2.37472 
0.209051 
1.97074 
-0.158192 

0.0745106 -0.0505941 -0.177802 0.133566 -0.0966581 -0.403826 0.0643827 -0.226959 -0.563874 -0.0948451 -0.293817 0.203715 -0.317031 -0.0143354 -0.240867 0.374245 -0.402725 0.0303527 -0.0726824 0.277596 0.27594 -0.475893 -0.587735 0.0932565 -0.503667 -0.451291 0.0722556 -0.626271 0.200069 0.239344 -0.274497 0.363498 
0.0138263 0.172465 -0.0841399 -0.321431 -0.308049 -0.493515 -0.12982 0.202644 -0.124328 0.141566 -0.31167 0.319657 0.373689 0.597077 -0.344324 0.0543379 -0.122184 0.303595 -0.266276 -0.40633 0.145606 -0.428835 0.411889 -0.345896 0.50462 -0.319513 -0.359557 -0.37031 0.215429 0.183664 0.310081 -0.295231 
0.308794 -0.0594831 -0.331369 -0.454278 -0.223471 -0.828615 -0.0737994 0.453199 -0.449669 0.512304 -1.11871 -0.662391 0.524178 0.41484 -1.31172 0.0127796 -0.51391 0.305645 -0.666498 -0.327096 -0.182694 -0.290898 0.352444 0.540962 0.360621 0.389267 0.0739572 -0.301138 -0.00395497 -0.585344 1.1011 0.379954 
0.16866 0.576399 0.110729 0.366703 -0.374861 -0.384556 0.236766 1.02894 0.135665 0.0385803 0.20029 -0.448877 0.193611 0.15142 -0.239757 0.138451 0.296476 0.72602 0.715619 -0.196116 0.22257 -0.101803 0.917042 -0.516264 -0.0881846 -0.346638 0.803619 -0.0625752 0.243756 0.222747 -0.514764 0.463795 
-0.327729 -0.4862 -1.03043 0.197413 0.326787 0.118143 -1.84847 0.241211 -0.924332 -0.362014 -0.651572 0.220611 -0.136386 -0.169839 -0.670663 -0.107571 0.426444 -1.334 -0.816181 -0.177266 -0.448315 0.507603 -0.676681 0.709028 -0.19672 -0.611962 0.143853 0.240766 0.0916431 -0.21953 -1.58159 0.175812 
0.00123139 -0.320265 -0.58448 -0.0111675 0.091652 -0.110543 -0.442603 0.178358 0.390893 -0.470988 -0.481483 -0.522808 0.213727 0.0260583 -0.124219 -0.502539 -0.0743676 -0.147363 -0.284647 0.0166814 -0.238899 -0.0154456 -0.491228 -1.12368 -0.0686936 0.227835 0.0775994 -0.158026 -0.0376215 -0.191614 0.220231 -0.0357315 
-0.206143 -0.494943 -0.438245 -0.214447 -0.158389 -0.486152 -0.210767 -0.113277 -0.36523 -0.251051 -0.08566 -0.100932 -0.272005 -0.471566 -0.205793 0.31369 -0.381877 0.401818 -0.107775 -0.411517 -0.0797298 -0.254181 0.395581 0.323841 -0.459549 0.00991923 0.392576 -0.18938 -0.418601 -0.464843 -0.295118 0.186656 
-0.0693992 0.212713 -0.063794 -0.358559 -1.1451 -0.658089 -0.51661 0.0115611 -0.181278 -0.4911 -0.735034 0.253288 -0.162633 -0.153891 0.446354 0.578942 0.201933 0.740145 0.980847 -0.450291 -0.185713 -0.94415 0.273068 -0.768296 0.449283 -0.33684 -1.61254 -0.524598 0.714105 -0.0197601 0.0758073 -0.350685 
0.261391 0.139725 -0.723252 -0.0897938 0.333159 0.269066 -0.293015 -0.302572 0.046417 0.266116 -0.0628936 0.0846378 -0.387265 -0.366237 -0.526528 -0.378865 -0.234429 -0.316621 -0.936552 -0.169768 0.23263 -0.016702 -0.260667 0.98094 0.299944 -1.40215 -0.154244 -0.132234 0.349313 -2.66357 0.760459 0.258863 
-0.257653 -0.583572 -0.478826 -0.0698154 -0.0821605 -0.845594 -0.192096 -0.863828 0.244845 -0.50125 -0.202209 -0.591511 -0.27005 -0.323008 -0.167283 -0.447849 0.492042 -0.726392 -0.306308 -0.0322571 0.420308 -0.0814593 -0.286495 -0.916367 -0.453552 -0.606721 -0.501904 -0.172022 -0.432309 -0.308041 -0.383819 0.0290539 
0.356522 -0.441603 -0.440553 -0.567854 -0.114622 -1.72485 -0.20438 -0.15644 -0.27627 0.203747 -0.232353 -0.594367 0.487594 -0.273319 -0.581521 0.407286 -0.0101534 -0.00750663 -0.126584 -0.396909 0.42775 0.494728 -0.258291 -0.886819 -0.257022 1.07013 -0.0744995 0.518862 -0.176708 -0.715471 0.176613 -0.419761 
0.135343 -0.266484 0.344295 -0.803643 -0.744924 0.183851 -1.26808 -0.979436 -0.370488 -0.527422 -1.32234 0.0709847 0.150621 -0.153899 0.955002 -0.369726 -0.264586 -0.198013 -0.315883 0.381922 0.254497 -0.986144 0.23304 -1.25317 0.151129 -0.547731 0.39677 -0.284231 0.175607 0.540311 0.809475 0.143757 
0.00771786 0.384342 -0.139128 -0.0193494 0.244922 -0.388602 -0.0642291 -0.220228 -0.0316186 0.0378833 0.234051 -0.413473 0.343348 -0.1473 -0.884207 0.286247 -0.346103 0.0646657 -0.825435 -0.496697 0.30472 -1.26096 -0.526277 -0.405012 0.175977 -0.285962 -0.240639 0.266113 -1.55729 -0.659355 -0.0976631 0.20808 
0.462895 -0.247916 -0.689336 -0.264294 0.0171857 0.227627 -0.314207 -0.541175 -0.574615 0.362259 -0.148018 -0.753145 -0.530801 0.0576062 -1.1561 -0.961861 0.466686 -0.103955 -0.217183 0.0308226 -0.319649 -0.123854 -1.24502 0.0580326 -0.240838 -1.46415 -0.149313 0.487427 0.93451 0.0803358 -1.05567 -0.0569854 
0.201392 0.0510295 -0.925165 0.341453 0.172207 0.237237 0.297307 -0.0198258 0.0706317 -0.301751 -0.0386991 -0.200104 0.442738 0.424021 -1.56132 0.124186 0.0944251 0.135119 -0.0987709 0.400316 0.48258 -0.896893 -0.937239 -1.04441 -0.184234 -0.136432 -0.634967 -0.488681 -0.152372 0.405179 0.13298 0.210191 
0.468359 0.471815 -0.0342009 -0.421597 -0.285393 -0.0346359 0.0181693 0.250251 0.443242 -0.427053 -0.179059 -0.560598 0.380956 0.0783999 0.3548 -0.380765 -0.454929 -0.0613555 0.0176393 -0.0377694 0.255323 -0.411002 -0.488071 -0.472361 -0.534893 -0.220764 0.186593 -0.0367538 -0.337381 -0.141725 -0.498029 0.131434 
0.64728 0.0997959 -0.604759 0.778208 0.426083 -0.711519 -0.746413 -0.611159 -0.218804 -0.344805 0.219133 -0.175071 0.15019 0.354592 -0.660764 -0.108355 0.235955 -0.0846807 -1.18889 0.205024 -0.431767 -0.596065 -1.40761 -0.359036 0.611099 -0.555234 -0.554262 -0.2338 -0.0101246 -0.361767 -0.15302 0.53251 
0.373468 0.0230455 -1.12661 0.33396 -0.0388469 -0.128908 0.366238 -0.231956 0.168564 -0.263823 -0.0327172 -0.391181 -0.177951 -0.108362 -0.876815 -0.472074 0.2717 -0.161909 -0.382922 -0.32921 0.386845 0.15268 -1.16401 -0.0925661 0.361372 -0.667561 0.114357 -0.793896 -0.0314111 0.304442 -0.590421 0.325022 
-0.494159 -0.151026 -0.745699 -0.160024 0.126058 0.850849 -1.27793 0.144975 -0.351011 -0.263423 -0.373751 -0.15543 -0.0722299 -0.165623 -1.69913 0.210145 0.103713 0.211139 -0.428954 -0.349512 -0.186541 -0.593161 0.318827 0.102741 -0.401857 -0.00879563 -1.30566 0.208443 0.253061 1.04702 0.20182 -0.157472 
-0.0512602 -0.188876 -0.0398486 0.439619 -0.397017 0.111573 -1.62726 -0.385503 -0.107322 -0.224172 0.0138488 -0.348184 -0.394109 -0.375715 0.504675 -0.0933121 -0.103382 -0.486634 -0.831463 0.331477 -0.214736 -0.347698 -0.715779 -1.36503 -0.139685 -0.219366 -0.852717 0.0202526 -0.62698 -0.110919 -0.232966 -0.226773 
-0.101849 -0.069623 0.421432 0.284348 -0.772678 -0.409944 0.00850796 -0.139712 0.261644 -0.392077 -0.0680864 -0.0999555 0.161908 -0.251487 -0.0313749 0.660636 -0.164289 0.312908 0.828342 -0.263164 0.257197 0.274805 0.434599 -0.137761 -0.00412885 -1.05334 -0.0839011 -0.870143 -0.684609 -0.274058 -0.477674 -0.409752 
-0.00263824 0.132742 -0.192348 -0.697259 -0.189969 -0.52423 0.00718329 -0.57862 0.147459 0.273879 -0.701735 0.0826485 0.143762 -0.11619 -0.216356 -0.252772 0.163344 0.112895 -0.440764 -0.193304 -0.131765 -0.384882 0.0196032 -0.0257266 -0.508132 -0.199072 -0.424205 0.518538 0.0403815 -0.859641 -0.245786 -0.140348 
-0.339315 -0.145621 1.38772 -2.08114 -1.49096 0.597783 -1.29218 -0.111345 0.0127684 0.1887 -1.91493 -1.3514 0.00448698 0.116851 0.356447 0.189486 0.0979616 0.431948 -0.0718978 0.090017 0.34826 0.689713 -0.0525635 -0.209306 0.223139 -0.0810372 -0.526042 -0.40763 0.333029 0.974066 0.755836 0.00468591 
0.450949 0.0818053 -0.785781 0.158698 0.285544 -1.20566 -0.40517 0.247205 -0.520904 0.078834 0.504728 -0.200885 -0.422994 0.167885 -0.347916 0.137175 -0.142569 0.326055 0.352425 -0.403162 0.328029 -0.452443 0.586658 -0.424002 -0.0171886 0.0210689 0.264477 -0.09196 0.361168 -0.597962 0.204163 0.139245 
0.283815 0.435552 -0.649413 -0.147675 -0.607424 -0.304761 -0.29402 0.325849 -0.291646 -0.59334 -0.586315 -0.375108 0.128917 -0.0720395 0.396004 -0.594594 -0.222777 -0.417384 0.218874 0.284578 0.501007 -0.511874 -0.709192 -0.482719 0.46964 0.030224 -0.714533 -0.316945 0.312408 0.162224 -0.300216 -0.339235 
-0.147187 0.742945 0.0940345 -0.011702 0.253344 -0.664545 -0.302126 0.147541 -0.295305 0.259548 -0.131409 -0.602737 0.0995529 0.344334 -0.359912 0.200802 -0.159922 0.297709 0.123009 0.122624 -0.00023426 -0.0640525 0.186929 -0.0825765 0.400378 -0.215471 -0.53448 -0.101718 0.471254 -0.424634 -0.0475648 -0.0797932 
0.339724 -0.0448692 -0.343109 -0.137808 -0.00383959 -0.186631 -0.0794656 -0.427923 0.0644084 -0.162971 -0.42741 -0.361474 -0.480698 0.0136615 -0.35472 0.220927 0.0315543 -0.31812 -0.489052 -0.373092 -0.0637789 -0.257399 0.166469 -0.514313 0.431403 -0.272036 0.402577 -0.731073 0.180419 0.150146 -0.35748 0.101341 
0.492656 -0.538838 -0.596672 0.335802 0.00956679 0.173272 0.379056 -0.646319 -0.0263741 -0.0756072 0.642608 -0.306657 -0.21269 -0.0485796 -0.591293 0.173088 -0.00853186 -1.08396 -0.499637 -0.0539628 -0.35225 0.188043 -0.606374 -0.960056 0.522031 -1.57073 0.477239 -0.309757 -0.729439 -0.22432 -0.914268 -0.495722 
-0.291682 0.356413 -0.732242 -0.0689669 -0.0177028 -0.712813 -0.112573 0.730915 -0.84053 0.410269 -0.121306 -0.223439 0.506346 0.540132 -0.112723 0.0824226 -0.36763 0.0164652 -0.15042 0.0924656 0.270511 -0.746336 -0.0220378 -0.870959 -0.390778 -0.2805 0.756091 -0.506645 -0.567302 -0.200557 -0.0417599 0.134625 
0.249093 -0.081439 -0.584299 -0.484997 0.110047 -0.286484 -0.772934 -0.300541 -0.223681 -0.488326 -0.707976 -0.30818 -0.256968 0.407817 0.181707 -0.297383 -0.373093 -0.427405 0.228418 -0.444249 0.321052 -0.0910299 -0.249101 0.129469 -0.405008 -0.436224 0.124684 0.0503799 -0.458379 -0.0150009 -0.199292 0.381746 
0.255291 0.206013 1.50966 -1.86175 0.115153 -0.62449 -1.28446 -1.46627 -0.868628 0.421361 -0.730649 0.215491 -0.406887 0.311834 -0.0668272 -0.500045 0.351476 -0.201131 -0.19157 0.376153 -0.271396 -0.993889 0.0817725 0.843448 0.34074 0.640508 0.395659 -0.0709305 0.219503 -0.615941 1.41637 -0.220539 
0.240439 -0.266343 -2.14128 -1.99793 0.0140114 0.0752236 -2.11635 0.249074 0.0957275 0.0664649 -1.16956 0.431472 0.377761 -0.00171728 -0.168901 -0.49329 0.187539 -0.0117025 -1.1292 0.386769 0.0930563 -1.49679 -0.767854 -0.276956 0.351563 0.0180133 0.217857 -0.0445632 0.423809 -0.607192 -0.87519 -0.305356 

-0.205567 
-0.676161 
0.0694217 
-0.773359 
0.0878528 
0.175588 
-0.19435 
-0.566973 
-0.144547 
0.362118 
0.0370146 
-0.228443 
0.0342917 
0.281487 
-0.442312 
0.162784 
-0.168132 
-0.0993553 
-0.279705 
-0.616043 
-0.795248 
0.477293 
-0.681073 
-0.331242 
0.326811 
-0.562029 
0.428701 
0.0150122 
0.110635 
0.151688 
0.167542 
0.571609 

-0.522691 -0.689815 0.908312 -1.50147 1.21156 -1.13124 0.11441 -1.14993 -0.595473 1.72243 1.37195 0.258617 -1.23578 1.69078 1.39084 -0.452794 -1.53051 -0.981056 -0.637163 -1.10539 1.02836 -1.17863 -0.658525 0.916801 -1.18427 0.722107 0.904161 1.07719 -1.46266 0.664857 0.706095 1.32262 

-0.149361 

