-0.460608 
0.317152 
0.0538119 
-0.0749968 
-0.228444 
-0.192881 
0.25064 
-0.2279 
-0.044558 
-0.139907 
0.269906 
-0.332348 
0.443996 
-0.0949129 
-0.406462 
-0.113336 
0.0336397 
0.0287946 
0.306059 
-0.422546 
0.132797 
0.435921 
0.348485 
0.0610633 
0.193916 
-0.0921964 
0.0793722 
0.399673 
-0.325485 
-0.378258 
0.359115 
0.370886 

-0.442729 
0.536232 
-0.00746912 
-0.298412 
-0.320088 
-0.440198 
0.0578662 
0.799522 
0.447934 
-0.31435 
0.406177 
-0.157613 
-0.73391 
0.482935 
0.204611 
0.372345 
-0.476712 
0.147299 
-0.361016 
-0.546553 
-0.41739 
0.318608 
0.0076882 
0.354151 
0.482857 
0.336998 
-0.473332 
0.0287858 
-0.651683 
0.428239 
-0.260548 
-0.0901813 

0.478316 0.0846416 0.0463817 0.0829899 -0.459744 -0.128271 -0.0109578 0.39992 -0.393786 0.420489 0.525244 0.434395 -0.481294 -0.0157027 -0.0303023 -0.00765328 0.196395 -0.226759 -0.154342 -0.222262 -0.327913 0.512427 -0.310798 0.430499 -0.142106 0.342839 0.180608 -0.329139 0.313044 -0.0642376 -0.153507 -0.0977071 
0.337894 -0.000922948 -0.458982 -0.437809 -0.00189701 -0.30497 -0.126445 0.259167 -0.490691 -0.289335 -0.446816 -0.181946 0.0679311 -0.117316 -0.445975 0.353569 -0.0695975 0.453072 0.421547 0.0405794 -0.0345824 -0.475168 -0.158241 -0.389241 -0.174975 -0.387856 -0.313933 -0.250631 0.166673 0.214492 -0.179745 -0.0277691 
-0.435066 -0.0683315 0.0998256 -0.144727 -0.121903 -0.370172 0.0572936 0.0829627 -0.465593 0.0405891 -0.467102 0.0455952 -0.0714678 0.487298 0.0278322 -0.134675 0.060489 -0.0367739 -0.399151 0.143826 -0.101056 -0.370893 -0.334384 0.261671 -0.156026 0.450771 -0.221038 0.479152 0.169795 -0.116483 -0.151576 0.41218 
0.464457 0.467033 -0.386024 -0.348508 -0.268612 0.22749 -0.196651 0.491177 -0.312254 -0.339485 -0.390126 0.477589 -0.570227 0.323689 -0.22957 0.0731216 -0.00842148 -0.214028 -0.20728 -0.27462 0.234065 0.0368454 0.165165 0.189074 0.395535 0.240055 -0.0221182 -0.159086 0.466517 -0.428957 0.202707 -0.248704 
0.499548 0.454634 0.050011 -0.0454607 -0.445219 -0.044777 -0.482625 0.194029 0.157906 -0.220247 -0.48672 0.265476 0.0567243 0.381559 -0.042287 0.213844 0.435344 0.0350232 0.0876991 -0.193536 0.263945 0.127346 0.272457 0.135571 0.147674 -0.441991 -0.0924016 0.0563012 -0.358039 -0.126751 -0.330068 0.466773 
0.249379 -0.0146368 -0.114964 0.368606 -0.483273 -0.26586 -0.096765 0.220887 -0.348691 0.464051 0.404478 -0.312641 -0.181655 0.390276 0.463203 0.484465 0.133152 0.0452271 -0.255673 -0.343441 0.0309987 0.361928 0.359456 0.45959 -0.474818 0.08958 -0.336371 -0.17463 0.121181 -0.357196 -0.382513 -0.396417 
0.309795 0.3139 -0.217042 -0.0127937 0.27571 0.00192957 0.227013 0.336792 -0.364796 0.408144 0.140529 -0.0605603 -0.313491 0.120491 0.223372 -0.447038 -0.483391 -0.458256 0.277971 -0.497909 -0.132397 -0.194303 -0.46474 0.00947037 0.335224 0.195859 -0.417417 0.291934 0.0906241 0.0298123 -0.339027 0.157433 
-0.402511 0.212744 0.162468 -0.289998 0.111687 -0.0977672 0.148797 0.352494 -0.161453 -0.0476297 -0.262782 0.180246 0.0113382 0.270157 0.288085 -0.364832 -0.404117 -0.15388 -0.389105 0.265947 0.444097 0.285614 -0.463914 0.478522 0.360281 -0.309766 -0.49005 -0.438798 -0.251673 -0.134087 -0.271301 0.247926 
0.454184 0.208003 0.480053 0.119995 0.16688 0.334381 0.451956 -0.171115 -0.385853 0.2858 -0.0467379 -0.416704 -0.43584 -0.167882 -0.0980708 -0.354094 0.362316 0.357451 -0.0901157 0.123884 -0.0795339 -0.0721067 -0.207612 -0.388433 -0.389817 0.0165488 -0.207399 0.109274 -0.425712 -0.314808 -0.23495 -0.109838 
0.438891 -0.0954363 0.330553 0.490041 0.357783 -0.429225 -0.331021 -0.0602316 -0.0185255 -0.422578 -0.194328 -0.210974 -0.246007 0.496431 -0.187256 -0.180856 0.475592 0.227268 0.167793 0.0255579 0.366711 0.479419 0.247376 -0.347046 -0.316188 -0.490188 -0.191011 0.0492687 0.376429 -0.174429 -0.19422 0.337705 
-0.0129284 -0.491772 -0.0792763 0.333516 -0.24248 0.030188 0.266749 0.380796 0.0899452 -0.161079 -0.0470905 0.180743 -0.0270824 -0.153919 0.423009 -0.293927 0.435588 0.354622 0.13538 0.259234 -0.0300159 0.0506532 -0.167232 -0.158146 -0.112338 0.421052 0.368672 0.0554116 0.374207 -0.476821 -0.442348 -0.032951 
-0.287068 -0.0629442 0.491863 0.202304 -0.267353 -0.0273375 0.107136 -0.300738 -0.316968 0.222587 0.187874 -0.0219546 -0.353014 -0.357338 0.0951677 -0.171747 0.110375 -0.496005 0.0888662 0.0196276 0.457039 -0.25042 -0.265656 -0.244294 0.157539 0.110529 -0.0715466 -0.32169 0.419679 -0.3331 -0.000597477 0.0677764 
-0.205972 -0.118852 0.0586401 0.140776 0.334594 0.318999 -0.482669 0.468144 0.104036 -0.493976 -0.167171 -0.479111 0.280067 0.356529 0.0697942 0.240719 -0.490969 -0.0100871 0.344543 -0.0815507 -0.325072 -0.135309 0.0311561 0.213626 0.0631376 0.194136 -0.133287 -0.0342017 -0.170669 0.506256 -0.0465873 0.00176062 
0.235169 -0.358509 0.132363 -0.48694 -0.166169 -0.430828 0.320604 -0.278632 0.264071 0.496127 -0.00792955 0.124556 0.314167 0.46819 -0.0996663 -0.446812 -0.461537 0.0977441 -0.197667 0.369382 -0.302262 -0.131659 -0.110997 -0.0463659 0.229419 0.282885 0.409024 -0.477877 0.310605 -0.437468 -0.435838 -0.00912337 
-0.395793 -0.240709 0.270812 -0.413866 -0.514773 -0.435012 -0.294618 0.226408 0.289137 0.0538265 0.362722 0.454671 0.0740745 0.488263 -0.246756 0.364754 0.158556 0.0129072 0.274871 -0.0705169 0.38775 -0.192096 -0.162169 0.297255 -0.390753 -0.131213 -0.263869 -0.233078 0.207642 0.308806 0.412004 -0.212568 
-0.0947388 -0.104482 0.150694 0.456233 -0.071527 -0.450964 0.248563 -0.238081 0.385354 0.176895 -0.216508 -0.176577 -0.0733898 -0.109252 -0.374638 0.116175 -0.412472 0.315747 0.235181 0.0122467 -0.49741 0.340725 -0.400279 -0.406392 0.359808 0.42434 0.32886 0.482914 -0.189869 0.0710683 -0.0821732 0.383717 
-0.202282 0.0152281 -0.370764 -0.262051 0.165035 -0.0516769 -0.119692 -0.251081 -0.180238 0.200219 -0.25057 0.372961 0.477811 -0.0197232 0.375819 0.171085 0.0132004 -0.266076 0.068496 -0.246249 0.360196 -0.00970986 -0.0738742 -0.318489 -0.410088 -0.0443164 0.382917 0.13782 -0.317744 -0.0599889 -0.0598715 -0.145498 
-0.00814709 0.241777 0.302481 0.270232 -0.0633645 0.218731 -0.467521 -0.0257045 -0.337951 0.145512 -0.354179 -0.470527 0.171931 -0.432814 -0.499352 0.0289856 0.198339 0.476015 -0.462709 0.144643 -0.41963 -0.428085 -0.177312 -0.286129 -0.235306 0.267704 -0.0947223 0.0737278 -0.376846 -0.188015 0.155485 -0.015121 
0.2588 -0.0300955 -0.230117 0.494371 -0.414407 -0.264065 0.446631 0.166943 0.314642 -0.375218 -0.543634 0.0352007 0.579507 -0.30964 -0.0528177 -0.150504 -0.155306 -0.100325 0.541487 -0.161501 -0.468647 0.282292 0.104825 0.319447 0.0121392 -0.308124 0.349633 -0.204349 -0.383878 0.0736624 -0.0934786 0.298138 
0.14197 -0.0422284 0.00562679 -0.217361 -0.00534187 0.376665 0.37148 -0.212693 0.0864508 -0.447722 0.0486907 -0.250667 -0.20836 -0.146313 0.18198 0.109265 -0.365076 -0.232186 -0.411052 -0.485114 -0.310869 -0.477253 0.324401 0.0106908 -0.339109 -0.232641 -0.358713 0.262222 0.375656 0.297207 -0.0174143 0.0312053 
0.359799 0.249272 -0.270426 -0.375551 -0.0689601 -0.211764 -0.350736 -0.495307 0.488814 -0.313253 0.392907 -0.261482 -0.273712 -0.0894967 -0.225697 0.277698 0.356491 -0.192663 0.41183 0.301677 -0.35863 -0.294156 -0.330267 -0.4838 0.356402 -0.323832 0.002855 -0.0167187 -0.328558 -0.351972 0.184251 -0.456876 
0.303941 0.0282432 -0.245269 0.309156 0.0766807 0.368391 0.127206 0.133538 -0.325894 -0.33584 0.290864 0.329874 0.510627 0.444032 0.494861 0.287312 -0.0402518 -0.212923 0.148135 0.475539 -0.455493 -0.200345 0.249674 0.126529 0.0896173 0.436553 -0.290787 -0.358239 0.469001 -0.486887 0.115385 0.283521 
0.375976 -0.202339 0.414736 0.424565 -0.0950043 0.378831 -0.240571 0.57021 0.414609 0.325284 0.0224964 0.319189 -0.317334 0.242504 0.137294 -0.0995032 0.398471 0.271322 0.0554525 -0.438276 -0.469628 -0.218741 0.481506 0.227991 -0.314152 -0.431916 0.427075 -0.0411974 -0.362389 -0.176073 -0.213442 -0.148777 
0.2424 0.117984 0.23984 -0.279651 -0.133385 0.100128 0.279886 0.108231 0.512437 -0.30323 -0.211069 0.434587 0.0041135 0.307137 -0.445163 0.280586 0.0502818 -0.412044 -0.221927 -0.0842254 -0.117039 0.0151912 -0.0732042 -0.0886395 0.151303 -0.272896 0.243062 0.0619503 -0.120246 0.336398 0.20489 0.31717 
0.341701 0.0210682 0.439247 -0.432419 0.439179 0.254776 -0.0615046 -0.000756133 0.110909 0.430489 0.137219 -0.288779 -0.502076 -0.334885 0.260422 0.211784 0.0663115 0.115917 0.179238 0.510299 -0.405441 0.219394 0.328941 -0.272738 0.297834 -0.33722 -0.414889 0.420858 0.26547 0.0965093 0.0105684 0.0851314 
-0.454736 -0.186602 0.34184 0.0659783 -0.0496715 -0.274861 -0.387651 -0.448652 0.0374041 0.122984 0.462993 0.121116 0.139271 0.128959 0.163511 -0.330117 0.468934 -0.0487219 0.324721 0.219039 0.349577 0.0572892 0.402777 0.398958 0.157504 -0.320373 0.453778 0.447604 -0.366494 -0.0572415 0.26679 0.0508439 
-0.225213 0.149527 0.0306143 -0.0887566 -0.29378 0.436407 0.164032 -0.401691 -0.234584 0.00782406 0.132359 -0.194151 -0.0866086 -0.201064 -0.0987763 0.320836 -0.312302 0.261032 0.491742 -0.438025 -0.498429 -0.404184 0.0477758 -0.230647 0.0506062 -0.321346 0.235619 0.0456967 -0.313005 -0.0784811 -0.0499965 -0.116433 
0.471286 -0.365992 0.329442 0.141822 0.0587479 0.0632156 0.467034 -0.197164 0.104842 0.458273 0.204227 0.287286 -0.288359 -0.0288231 -0.0795207 -0.0480872 -0.281907 0.0604465 0.446461 -0.463129 -0.181119 -0.179557 0.044135 0.385534 -0.365753 -0.126651 0.435791 0.403054 0.302384 0.0983966 0.183727 0.489203 
-0.356655 0.0871823 -0.260124 -0.189821 0.368841 -0.433513 0.0152191 0.0204461 0.209093 0.322149 0.202424 0.0308647 -0.350926 0.159602 0.419042 -0.360221 -0.279822 -0.306207 -0.0591986 0.425449 0.0719903 -0.336221 0.420076 0.170179 -0.34179 0.408508 -0.309421 -0.214667 -0.327954 -0.205208 0.061562 0.161503 
-0.466332 -0.484421 -0.370457 0.499521 0.235089 -0.224129 0.456396 -0.267973 0.235896 0.30856 0.294663 -0.023276 -0.304604 -0.14817 0.4775 0.122672 -0.335418 -0.0362495 -0.116247 0.0111145 0.192188 0.17277 -0.0415261 -0.252678 0.0546916 0.252124 -0.240219 -0.266569 -0.515409 0.398319 -0.118175 0.110418 
-0.364914 0.383238 0.230755 -0.0712306 0.0832977 0.119747 0.223191 -0.30806 -0.352313 -0.00819832 0.151838 0.312724 0.0115935 -0.244245 -0.48666 0.0620488 0.286081 0.45684 0.282463 0.0906478 -0.163498 0.0719682 -0.0341875 -0.377799 0.337099 0.352915 0.24796 0.218785 0.0411347 0.316448 0.280318 -0.274338 
-0.320697 0.50358 0.14145 0.355827 0.0987822 0.133844 0.385038 0.454578 -0.057535 0.156304 0.437036 0.207355 -0.47213 0.139624 0.184965 0.259804 0.0529506 -0.076116 0.32762 0.143509 0.416891 -0.147466 -0.0432684 0.427643 -0.139763 0.401081 -0.268778 0.317606 0.536861 0.149049 -0.475401 -0.105788 

-0.171624 
-0.0285384 
-0.193435 
0.091139 
0.50629 
-0.204144 
0.0937091 
-0.161142 
-0.0944462 
-0.364125 
-0.0460735 
-0.0964682 
-0.304896 
0.285389 
0.510428 
0.456236 
0.0261915 
0.139166 
0.266124 
0.518825 
0.056321 
-0.301277 
0.279534 
0.0483844 
-0.0141686 
0.198432 
-0.0682186 
-5.31222e-05 
0.342815 
0.169196 
0.246258 
-0.0626512 

0.594845 -0.170596 0.343898 0.605191 0.0871078 -0.294528 -0.0742872 -0.405034 0.401409 -0.258874 -0.128332 0.435777 -0.281723 0.0902817 -0.63569 0.202075 -0.0440853 0.223909 -0.653906 -0.481934 0.186871 -0.0151543 -0.516934 0.333033 0.307914 -0.197054 -0.050205 -0.25654 0.169653 -0.234355 -0.109762 0.491242 

-0.0464066 

