0.110316 
0.295785 
-0.0412951 
0.150216 
-0.0999933 
0.0741358 
0.346777 
0.125762 
0.872837 
0.565743 
0.37372 
0.953469 
-3.38256e-05 
-0.649909 
-0.100719 
0.927897 
0.395405 
0.166961 
0.108993 
-0.0336855 
0.896704 
0.167272 
0.668883 
0.247881 
-1.53892 
0.92218 
-0.0729349 
-0.0925745 
0.338058 
-0.0195913 
0.188223 
0.0694557 

-0.367528 
0.772017 
0.0928775 
0.407466 
0.155422 
0.629488 
0.169336 
0.812942 
-2.28052 
-0.72734 
0.220653 
-1.96906 
-0.349386 
-0.533245 
-0.444996 
-2.03112 
-0.701847 
1.34247 
0.0798735 
-0.130601 
-2.16272 
1.10311 
-0.522367 
0.805286 
-1.79317 
-2.40831 
0.130197 
0.172388 
0.84468 
0.205767 
1.21936 
0.196781 

0.100689 -0.304809 0.112608 0.49429 0.172297 -0.484918 -0.0954127 -0.165674 -0.147882 0.437527 -0.0984113 0.612349 0.0677305 0.411402 0.0343923 0.274489 0.0667188 0.358327 0.442543 -0.0870801 0.432578 0.0045771 0.347711 -0.251059 -0.342509 -0.234838 0.266606 0.0939712 -0.34312 -0.3975 -0.079583 0.139805 
0.281324 0.368953 -0.404097 0.30958 -0.0920729 -0.290581 -0.0977656 0.0598501 -0.208822 -0.107752 0.71499 -0.311766 0.175159 0.514734 -0.338686 -0.540293 0.0902795 -0.452681 0.191875 0.209909 0.277431 -0.300549 -0.0185223 0.308394 0.179361 -0.591172 0.105784 -0.426924 0.0983138 -0.411576 0.130951 -0.122698 
0.110969 0.0388492 -0.124117 -0.0978434 0.157451 -0.374556 -0.393548 0.474597 0.314076 0.6868 -0.0653093 0.357551 0.011447 -0.167393 -0.0581847 0.120308 0.398842 -0.155264 0.183892 0.000705329 0.121901 -0.284151 0.245949 -0.0173921 0.122319 0.36481 0.287302 0.0448581 -0.528119 -0.0887784 0.199083 0.0821426 
0.0312728 -0.0845038 -0.384782 0.156479 0.348969 -0.409097 -0.418905 -0.200648 0.0453641 -0.182017 -0.381735 0.393053 0.036831 0.224838 -0.444767 0.0304304 -0.216097 -0.158012 0.279628 0.449409 -0.0304962 -0.342615 -0.411198 -0.148186 -0.237752 0.15845 0.223467 -0.0985738 -0.194178 -0.443144 0.149635 0.0735094 
0.348647 0.305985 -0.326758 0.325127 0.111869 0.248448 -0.229285 0.207637 -0.8389 -0.223792 -0.48843 -0.551357 -0.0801036 -0.524457 -0.313932 -0.722709 -0.434329 0.490952 -0.133662 -0.33644 -0.959311 0.523281 -0.276916 0.445257 -0.903941 -0.718303 -0.15526 -0.354718 0.450541 0.124297 0.468028 0.0422789 
-0.166505 0.503258 -0.0318556 -0.041417 -0.213349 0.0317808 -0.158974 -0.0380458 -0.0566656 -0.170346 -0.454607 -0.507937 -0.0991805 0.146255 -0.428354 -0.60104 -0.285445 0.567887 0.384402 0.118448 -0.0378184 0.16154 0.194883 -0.321149 -0.768467 -0.687868 -0.481524 -0.0480855 -0.271768 0.0764055 0.432338 0.370386 
0.00919831 -0.397942 0.19488 -0.0256939 0.166441 0.274636 -0.383506 0.311509 -0.178885 -0.667369 0.0621965 -0.147013 -0.137289 -0.281992 0.254145 -0.224084 -0.106392 0.497728 0.525934 -0.193691 -0.429877 0.294412 -0.585034 -0.136207 -0.60627 0.258045 -0.00388622 -0.364293 -0.602206 0.249982 0.334299 -0.489529 
-0.0216883 -0.264343 0.108475 0.224048 -0.190114 -0.178724 0.19669 -0.304746 0.19303 -0.48708 -0.438635 0.456207 0.446809 0.129304 -0.423134 -0.140025 -0.310086 -0.225017 0.330658 0.201673 0.471228 0.449401 -0.240317 -0.128903 -0.18283 0.491386 -0.11425 -0.378681 -0.484205 -0.163232 -0.413194 -0.167195 
0.462372 -0.0816044 0.0525221 0.345251 -0.617884 -0.160228 0.0795494 0.262581 -0.515629 -0.0511238 0.356947 -0.342989 -0.204924 -0.33935 -0.377421 -0.324036 -0.437164 -0.506785 -0.00343623 -0.283459 -0.32301 -0.362258 -0.155984 0.413115 0.321854 -0.315022 -0.41282 -0.562608 0.198647 0.170216 0.0351626 -0.32632 
0.477633 0.396872 0.0218428 -0.413166 0.198612 -0.323193 -0.0775078 -0.314515 -0.0771282 0.124799 -0.258505 0.447291 0.385532 0.174298 -0.133289 -0.418127 0.0703774 -0.34935 0.347255 0.302128 -0.214695 -0.0921304 -0.0293965 -0.0271964 -0.0672242 0.180055 -0.0658694 -0.546613 -0.305783 0.162167 -0.237917 0.340142 
-0.258012 -0.426403 -0.220592 -0.227296 -0.0585993 -0.537438 -0.617501 -0.282669 -0.559898 -0.192709 -0.0312819 0.0138539 -0.0529429 -0.828834 -0.165226 -0.440271 0.149251 0.314795 -0.536845 0.174185 -0.506086 0.00379874 0.0764896 0.318694 -1.11939 -0.161183 0.107776 -0.181384 -0.0540454 -0.0489295 0.443691 -0.0240324 
-0.021935 0.0627251 0.0957786 0.443837 0.186603 -0.370605 -0.419446 -0.0974265 -0.222516 0.0626533 -0.042146 0.279729 -0.0633811 -0.19725 0.289569 -0.433124 -0.0291386 -0.0719538 0.395367 0.221248 -0.193331 -0.260277 -0.325287 0.207874 0.172129 0.0614238 -0.313535 -0.168379 0.304019 0.30282 0.309985 -0.248191 
0.330571 0.427158 0.461397 -0.334912 -0.411423 0.157396 0.438569 -0.377412 0.598981 0.0576909 0.333207 -0.00988637 0.378762 0.117102 0.0109143 0.377508 0.174591 -0.43851 -0.158325 0.261547 -0.273014 0.235604 0.404316 0.23083 -0.468063 0.511227 0.39184 -0.392104 -0.359416 -0.488048 -0.39497 0.0732112 
-0.0955447 0.0258902 -0.362902 -0.28545 -0.125216 0.387308 0.278625 -0.281077 -0.507306 -0.497174 -0.161864 0.381882 -0.0378739 0.0129221 -0.112335 -0.277036 -0.45622 0.337737 0.0481399 0.155797 -0.363602 0.244081 -0.55496 -0.0340923 -0.259369 0.344947 0.185914 0.227131 -0.093011 -0.303822 -0.438535 -0.14424 
-0.19463 0.465819 0.408197 -0.289197 0.396831 -0.0073387 0.282513 0.0229851 -0.338035 0.232552 -0.365299 0.393775 -0.232616 -0.149138 -0.140125 -0.133044 0.031797 -0.0175951 0.111255 -0.0474288 -0.472013 0.362223 -0.470791 0.0698707 0.576971 0.0818844 0.0535272 -0.26125 -0.310543 0.0785202 -0.59059 -0.264582 
-0.393875 0.016006 -0.101042 0.376897 0.0228565 -0.36334 -0.238174 0.154305 -0.0381242 0.0484331 -0.0885483 0.139169 0.14479 -0.492684 -0.440898 -0.061944 0.430537 -0.321891 -0.178266 0.432918 -0.140168 0.47032 -0.278881 0.164587 -0.3659 0.408383 -0.203247 -0.30884 -0.487442 0.156119 0.045647 -0.139116 
0.122622 0.137165 0.188037 0.169841 -0.0861242 -0.186779 -0.197558 -0.304667 -0.483145 0.0435136 0.411865 -0.104407 -0.308566 -0.151773 -0.147482 0.313114 -0.199348 -0.161186 0.23827 -0.414268 -0.148233 0.0160974 -0.0893119 0.0509303 -0.38137 0.317028 -0.459186 0.0766346 0.145824 0.186087 0.232866 -0.187465 
0.419519 0.138931 0.023721 0.173183 -0.380064 0.0734372 -0.136192 0.369181 0.289572 -0.269064 -0.45623 0.166695 -0.0573372 0.405228 0.439152 -0.319357 0.00570655 0.432203 -0.185123 -0.426537 -0.436777 -0.506127 0.473762 -0.203447 -0.0931707 -0.285195 -0.302218 0.408148 -0.328736 -0.0464354 0.0720511 0.392315 
0.150007 -0.0960324 -0.367956 -0.133761 -0.0512157 -0.21044 -0.0864589 -0.119379 0.0755657 -0.0353057 -0.339188 -0.331336 0.113818 0.376774 -0.33623 -0.0534116 -0.114846 0.0577151 -0.11801 0.483619 -0.123336 0.054931 0.370729 0.343112 -0.494212 -0.395946 0.115618 -0.145043 -0.0101363 -0.480199 0.235169 -0.288594 
-0.154628 -0.756435 0.325163 -0.490126 0.0656756 0.216812 0.262667 0.191563 0.407342 -0.595749 0.306233 -0.411049 -0.472542 -0.146747 0.391708 -0.0642041 0.239421 0.13369 -0.0386962 0.301028 0.178086 0.282939 -0.810329 0.406959 -0.449567 -0.389205 0.223995 -0.0890614 -0.8404 -0.237378 0.137762 0.0560502 
-0.489246 0.198241 -0.665664 -0.0234352 -0.601678 0.278503 -0.0730705 0.114678 -0.607349 0.0916535 0.500009 -0.74562 0.243679 0.296442 0.179795 -0.249795 0.369653 -0.296908 -0.105294 -0.241941 -0.771677 0.258006 -0.0754444 0.227628 0.14514 -0.501274 -0.679826 -0.804418 -0.133273 -0.298486 -0.448055 -0.139291 
-0.387972 0.436074 0.552917 -0.116026 -0.0471374 -0.225268 -0.559065 -0.0151105 -0.0993085 -0.18383 -0.704114 0.220308 0.3977 -0.556457 0.0747527 -0.206006 -0.28986 -0.444731 -0.124478 0.394492 -0.420457 0.00744544 0.0323687 0.0225537 -0.672068 0.203605 0.541218 0.0689972 0.341169 0.3796 -0.0254334 -0.202002 
0.328635 0.0358828 -0.238436 0.079954 -0.273357 0.355895 -0.320422 -0.463085 0.313771 -0.209983 0.1686 0.252138 -0.0125391 0.0846024 -0.182275 0.20501 0.254545 -0.254375 0.24714 -0.366711 0.568068 -0.405425 0.0944529 0.110873 0.0880098 0.565103 -0.535377 0.29473 -0.131161 0.335907 0.157651 -0.179588 
-0.389712 -0.486103 -0.273116 -0.30711 -0.0480249 0.399615 0.0840593 0.328973 -0.563978 0.344897 0.490255 -0.556485 -0.160175 0.439476 0.475352 -0.0071918 0.23297 0.297062 0.183699 -0.391358 -0.630741 -0.106873 0.227224 -0.114762 -0.37785 -0.551912 0.0972 -0.386065 -0.243851 -0.207621 -0.269304 0.278052 
-0.0926445 -0.470624 -0.0813364 -0.163024 0.243772 0.11084 0.394265 -0.302567 -0.286707 -0.53382 -0.216774 0.453868 0.131234 -0.54657 -0.075462 -0.275264 -0.320961 0.33133 0.437092 0.377303 -0.426574 0.078854 -0.476518 0.535797 0.0455371 -0.0652439 -0.404437 0.248572 -0.277371 -0.169695 0.338836 0.259011 
-0.447145 0.313834 -0.316749 -0.158993 0.402567 0.143307 -0.363188 0.146277 0.183329 0.080732 0.230402 -0.064434 -0.124972 0.270721 0.226345 0.0834981 -0.358531 -0.465181 0.349214 0.416365 -0.00526197 -0.407395 -0.0587412 -0.12184 0.074054 -0.167815 0.272324 -0.211222 0.556533 0.0740941 -0.172039 -0.303073 
0.0211235 0.200213 -0.0301396 0.366109 0.197656 -0.497512 -0.339969 -0.464479 0.299001 -0.00273575 -0.147077 0.207472 -0.106928 -0.4918 -0.379736 -0.427994 -0.0180698 -0.00235809 -0.133398 -0.0391111 -0.133257 0.200229 0.0479265 -0.206895 0.127521 -0.393783 -0.488637 0.115061 0.117963 0.320031 0.234355 -0.423136 
-0.163985 0.0182919 0.143724 0.374756 0.449339 0.0438177 -0.585024 0.339317 0.271753 0.435008 0.198192 -0.240802 -0.409336 -0.318191 -0.106487 0.41412 0.000158923 -0.354653 0.0193493 0.0343014 0.0644826 0.332212 -0.327841 0.31655 0.027777 -0.0985401 -0.403622 -0.00613913 0.36377 -0.0455022 -0.4072 0.00136351 
0.355241 -0.281276 -0.440295 -0.0106858 0.0869009 -0.205733 0.274911 0.195175 -0.317503 0.463418 0.10133 -0.0996948 0.408093 0.116964 0.175265 -0.324854 -0.365667 -0.352461 -0.274237 0.118596 -0.0347043 -0.317604 -0.248294 0.12664 0.118877 0.0365427 -0.0378969 -0.294564 -0.242811 -0.0324861 -0.0608024 -0.382004 
-0.0382856 0.0627946 -0.492288 -0.492542 0.00285581 0.362033 0.0537415 0.0336758 0.316119 0.257497 0.225753 -0.34867 0.0987337 -0.27539 0.119851 0.127577 0.296258 -0.0416173 0.253415 0.0233232 -0.049254 -0.384205 0.365193 -0.136417 -0.49459 -0.37762 0.274436 0.237135 -0.253275 -0.373057 0.0415263 0.320069 
0.221871 -0.0834923 0.219298 -0.146852 -0.182478 0.35864 -0.0575361 -0.341302 -0.0565706 -0.123082 0.243457 -0.153442 0.307499 0.290322 -0.142642 0.198706 0.352942 -0.153795 -0.257931 0.231331 0.300945 -0.4975 -0.255223 -0.350197 0.647174 0.444252 0.0933227 0.181678 -0.444053 -0.258451 0.00797255 0.05164 
-0.39731 -0.165104 -0.204816 -0.397555 -0.17497 -0.0101592 -0.381461 -0.11981 0.0893416 -0.479166 -0.505356 0.395737 -0.348861 -0.306467 0.22168 0.22182 -0.0210079 0.376553 0.481347 0.436733 -0.504889 -0.491026 0.274347 0.00969701 -0.132211 0.240302 -0.211125 -0.300563 0.325753 0.181127 -0.145568 0.104824 

-0.133298 
0.0148727 
0.222993 
0.328262 
0.700563 
0.731434 
1.1614 
0.294434 
0.128101 
0.349045 
0.0772846 
0.0552332 
-0.149533 
0.639238 
-1.2344 
0.2599 
-0.453662 
-0.50173 
-0.116569 
1.73384 
0.389296 
0.370377 
0.583694 
0.277604 
0.119427 
0.0419373 
-0.133444 
-0.595752 
0.221278 
-0.00407283 
-1.19839 
0.416967 

-0.225714 0.23047 -0.178499 -0.490288 1.08057 0.567549 -0.979114 -0.121249 0.710153 0.462103 1.14579 0.0728437 -0.151382 -0.401385 0.596438 0.324512 0.0119507 -0.478906 -0.423335 -0.823157 0.669356 1.06299 -0.19205 0.511724 -0.444956 0.0796682 0.413799 -0.131578 -0.338172 -0.0545353 0.664581 -0.183517 

-1.6104 

